freq = [125,250,500,1000,2000,4000];
parquet = [0.04 0.04 0.07 0.06 0.06 0.07];
window = [0.35 0.25 0.18 0.12 0.07 0.04];
concrete_coarse = [0.36 0.44 0.31 0.29 0.39 0.25];
acoustic_tiles = [0.05 0.22 0.52 0.56 0.45 0.32];
plaster_smooth = [0.013 0.015 0.02 0.03 0.04 0.05];
carpet_on_concrete = [0.02 0.06 0.14 0.37 0.60 0.65];
metal_8mm = [0.50 0.35 0.15 0.05 0.05 0.00];